
================================================================
    Sepal.Length Sepal.Width Petal.Length Petal.Width  Species  
----------------------------------------------------------------
1      5.100        3.500       1.400        0.200      setosa  
2      4.900          3         1.400        0.200      setosa  
3      4.700        3.200       1.300        0.200      setosa  
4      4.600        3.100       1.500        0.200      setosa  
5        5          3.600       1.400        0.200      setosa  
6      5.400        3.900       1.700        0.400      setosa  
7      4.600        3.400       1.400        0.300      setosa  
8        5          3.400       1.500        0.200      setosa  
9      4.400        2.900       1.400        0.200      setosa  
10     4.900        3.100       1.500        0.100      setosa  
11     5.400        3.700       1.500        0.200      setosa  
12     4.800        3.400       1.600        0.200      setosa  
13     4.800          3         1.400        0.100      setosa  
14     4.300          3         1.100        0.100      setosa  
15     5.800          4         1.200        0.200      setosa  
16     5.700        4.400       1.500        0.400      setosa  
17     5.400        3.900       1.300        0.400      setosa  
18     5.100        3.500       1.400        0.300      setosa  
19     5.700        3.800       1.700        0.300      setosa  
20     5.100        3.800       1.500        0.300      setosa  
21     5.400        3.400       1.700        0.200      setosa  
22     5.100        3.700       1.500        0.400      setosa  
23     4.600        3.600         1          0.200      setosa  
24     5.100        3.300       1.700        0.500      setosa  
25     4.800        3.400       1.900        0.200      setosa  
26       5            3         1.600        0.200      setosa  
27       5          3.400       1.600        0.400      setosa  
28     5.200        3.500       1.500        0.200      setosa  
29     5.200        3.400       1.400        0.200      setosa  
30     4.700        3.200       1.600        0.200      setosa  
31     4.800        3.100       1.600        0.200      setosa  
32     5.400        3.400       1.500        0.400      setosa  
33     5.200        4.100       1.500        0.100      setosa  
34     5.500        4.200       1.400        0.200      setosa  
35     4.900        3.100       1.500        0.200      setosa  
36       5          3.200       1.200        0.200      setosa  
37     5.500        3.500       1.300        0.200      setosa  
38     4.900        3.600       1.400        0.100      setosa  
39     4.400          3         1.300        0.200      setosa  
40     5.100        3.400       1.500        0.200      setosa  
41       5          3.500       1.300        0.300      setosa  
42     4.500        2.300       1.300        0.300      setosa  
43     4.400        3.200       1.300        0.200      setosa  
44       5          3.500       1.600        0.600      setosa  
45     5.100        3.800       1.900        0.400      setosa  
46     4.800          3         1.400        0.300      setosa  
47     5.100        3.800       1.600        0.200      setosa  
48     4.600        3.200       1.400        0.200      setosa  
49     5.300        3.700       1.500        0.200      setosa  
50       5          3.300       1.400        0.200      setosa  
51       7          3.200       4.700        1.400    versicolor
52     6.400        3.200       4.500        1.500    versicolor
53     6.900        3.100       4.900        1.500    versicolor
54     5.500        2.300         4          1.300    versicolor
55     6.500        2.800       4.600        1.500    versicolor
56     5.700        2.800       4.500        1.300    versicolor
57     6.300        3.300       4.700        1.600    versicolor
58     4.900        2.400       3.300          1      versicolor
59     6.600        2.900       4.600        1.300    versicolor
60     5.200        2.700       3.900        1.400    versicolor
61       5            2         3.500          1      versicolor
62     5.900          3         4.200        1.500    versicolor
63       6          2.200         4            1      versicolor
64     6.100        2.900       4.700        1.400    versicolor
65     5.600        2.900       3.600        1.300    versicolor
66     6.700        3.100       4.400        1.400    versicolor
67     5.600          3         4.500        1.500    versicolor
68     5.800        2.700       4.100          1      versicolor
69     6.200        2.200       4.500        1.500    versicolor
70     5.600        2.500       3.900        1.100    versicolor
71     5.900        3.200       4.800        1.800    versicolor
72     6.100        2.800         4          1.300    versicolor
73     6.300        2.500       4.900        1.500    versicolor
74     6.100        2.800       4.700        1.200    versicolor
75     6.400        2.900       4.300        1.300    versicolor
76     6.600          3         4.400        1.400    versicolor
77     6.800        2.800       4.800        1.400    versicolor
78     6.700          3           5          1.700    versicolor
79       6          2.900       4.500        1.500    versicolor
80     5.700        2.600       3.500          1      versicolor
81     5.500        2.400       3.800        1.100    versicolor
82     5.500        2.400       3.700          1      versicolor
83     5.800        2.700       3.900        1.200    versicolor
84       6          2.700       5.100        1.600    versicolor
85     5.400          3         4.500        1.500    versicolor
86       6          3.400       4.500        1.600    versicolor
87     6.700        3.100       4.700        1.500    versicolor
88     6.300        2.300       4.400        1.300    versicolor
89     5.600          3         4.100        1.300    versicolor
90     5.500        2.500         4          1.300    versicolor
91     5.500        2.600       4.400        1.200    versicolor
92     6.100          3         4.600        1.400    versicolor
93     5.800        2.600         4          1.200    versicolor
94       5          2.300       3.300          1      versicolor
95     5.600        2.700       4.200        1.300    versicolor
96     5.700          3         4.200        1.200    versicolor
97     5.700        2.900       4.200        1.300    versicolor
98     6.200        2.900       4.300        1.300    versicolor
99     5.100        2.500         3          1.100    versicolor
100    5.700        2.800       4.100        1.300    versicolor
101    6.300        3.300         6          2.500    virginica 
102    5.800        2.700       5.100        1.900    virginica 
103    7.100          3         5.900        2.100    virginica 
104    6.300        2.900       5.600        1.800    virginica 
105    6.500          3         5.800        2.200    virginica 
106    7.600          3         6.600        2.100    virginica 
107    4.900        2.500       4.500        1.700    virginica 
108    7.300        2.900       6.300        1.800    virginica 
109    6.700        2.500       5.800        1.800    virginica 
110    7.200        3.600       6.100        2.500    virginica 
111    6.500        3.200       5.100          2      virginica 
112    6.400        2.700       5.300        1.900    virginica 
113    6.800          3         5.500        2.100    virginica 
114    5.700        2.500         5            2      virginica 
115    5.800        2.800       5.100        2.400    virginica 
116    6.400        3.200       5.300        2.300    virginica 
117    6.500          3         5.500        1.800    virginica 
118    7.700        3.800       6.700        2.200    virginica 
119    7.700        2.600       6.900        2.300    virginica 
120      6          2.200         5          1.500    virginica 
121    6.900        3.200       5.700        2.300    virginica 
122    5.600        2.800       4.900          2      virginica 
123    7.700        2.800       6.700          2      virginica 
124    6.300        2.700       4.900        1.800    virginica 
125    6.700        3.300       5.700        2.100    virginica 
126    7.200        3.200         6          1.800    virginica 
127    6.200        2.800       4.800        1.800    virginica 
128    6.100          3         4.900        1.800    virginica 
129    6.400        2.800       5.600        2.100    virginica 
130    7.200          3         5.800        1.600    virginica 
131    7.400        2.800       6.100        1.900    virginica 
132    7.900        3.800       6.400          2      virginica 
133    6.400        2.800       5.600        2.200    virginica 
134    6.300        2.800       5.100        1.500    virginica 
135    6.100        2.600       5.600        1.400    virginica 
136    7.700          3         6.100        2.300    virginica 
137    6.300        3.400       5.600        2.400    virginica 
138    6.400        3.100       5.500        1.800    virginica 
139      6            3         4.800        1.800    virginica 
140    6.900        3.100       5.400        2.100    virginica 
141    6.700        3.100       5.600        2.400    virginica 
142    6.900        3.100       5.100        2.300    virginica 
143    5.800        2.700       5.100        1.900    virginica 
144    6.800        3.200       5.900        2.300    virginica 
145    6.700        3.300       5.700        2.500    virginica 
146    6.700          3         5.200        2.300    virginica 
147    6.300        2.500         5          1.900    virginica 
148    6.500          3         5.200          2      virginica 
149    6.200        3.400       5.400        2.300    virginica 
150    5.900          3         5.100        1.800    virginica 
----------------------------------------------------------------
